RMSE: 2124.3084855250704
MAE: 707.2368687453369
R2: 0.7871731903123662