RMSE: 147.65921595951187
MAE: 31.940000000000012
R2: 0.881096450964158