RMSE: 2709.3537022778796
MAE: 944.4679142499672
R2: 0.9497299442929419